1000
3311491
1113282
7170074
4036761
3597342
1628697
8087033
1509805
9482318
6731875
3558938
6482320
7260757
613439
9313288
1874771
1424527
6030856
2799868
5458064
592570
9134479
486267
3774338
5251411
8323206
9353746
8733278
5272970
2917810
4285884
1195142
1104596
8617208
9827071
2607168
9659376
6685007
3783312
3748948
9266717
2338357
3156218
1499854
4230990
359853
4025239
5848449
3508984
3952711
3033974
1618821
6314636
8476328
1455785
356493
9982267
8704243
5677531
3526954
7009139
7248983
8464283
951684
9179015
5406596
8706088
8225534
7281651
6727422
7164213
9527889
3102625
433885
6761397
3022576
5780715
4519849
2149840
9560513
9708888
396422
6727279
2705582
3951940
6350866
215546
3227800
2687163
7241922
2436278
5673045
3477236
5928757
6677899
6635185
6027271
6606817
1537992
4630432
6849098
8623131
5919245
8066184
226186
4162635
2563802
9429704
3411850
2511577
3641187
4082095
2770292
4096778
747337
9473287
9234619
824515
3210887
7314057
3584453
1380553
5989888
7188583
9204785
9247175
2912089
9252809
7062353
7555595
7129097
7007569
6590270
9815168
4817238
8226198
1902483
1877144
2858591
8927100
3314942
1797353
1959585
4973902
624189
5469145
17519
3441090
1092544
4649669
886342
7330760
1482697
4001700
6740977
6822125
2884083
79778
744350
7911703
4882794
2255680
4585459
2013956
7509526
2597520
4780975
5035296
8868148
9718917
8945608
9649326
7943845
3890282
636934
3976466
761036
5254645
8618304
9502643
8450025
9335255
9628369
8501259
14323
5277879
8954182
2577707
5170739
1969356
5016123
2577918
5189335
5271097
7900753
1544808
556269
7552334
5019485
2729120
3090906
4932214
2201680
3969070
7169279
8275762
717375
8636271
5745614
8227744
478063
4283326
7032043
8804875
4951723
2769057
9826911
3509418
9044961
678472
6378811
8644766
8014823
3144839
9325074
2982510
6619802
3802322
7147145
4369922
7241236
9990833
6024347
4415734
6587278
5910311
9827009
6594613
7819437
1699817
5550213
6848150
8026603
9056069
1858287
9915491
3836549
810055
9232205
5702629
4135668
4357629
6355252
6619811
675250
4777970
2603645
4813391
9403090
2345774
7483564
1832017
8875958
6160353
5352816
848174
1189783
3904716
8583407
8188008
8646894
5908256
2974263
1817290
3506249
6639895
2315882
8801906
8119049
2167023
543449
4872853
8742564
5804739
3648064
7538802
8344073
2024643
8911711
413059
7506547
8888169
9620976
4381152
7548833
9233404
9349348
6906089
2516265
3093510
1048302
5411997
1770466
217822
798883
7817128
3522980
1002845
522095
265717
8225049
6726419
5198126
4365729
1750578
6129536
4599183
8258574
5658048
3945038
1293906
1926313
3118292
5681891
9576219
2647790
3148016
5827548
6887763
5221517
3528017
6795941
1404448
6912098
4318386
621222
551807
2646225
130694
5292424
1553547
8090483
4142618
7170047
8973890
4555438
9953564
2083895
1239541
651077
640917
8588232
775615
4366610
3875725
7719385
7596914
9789171
106306
3785653
1823640
8618398
5967244
2339209
7793905
5516123
506577
1017280
1396580
3681368
3822158
4212670
1157396
800351
1461943
3503266
2984838
6454173
806731
5420852
1148034
691981
6087862
6457298
4133201
4583939
3515998
8532311
1428884
6471873
3200258
9193316
3315143
3063478
6194674
2500437
8103029
8869415
3202571
75467
7988557
4043135
5154455
7737292
6108548
9398704
4437291
8726364
8555678
8744708
1991855
1691067
5536273
9104225
6387401
2220426
1923565
9202287
9521299
6530724
4003916
913949
9799210
651453
8135523
7054858
638553
8879002
4540155
171959
2719106
6121287
644357
299003
7689882
1987984
2961487
4327810
7405442
253770
9479961
9396786
9950701
8346548
3637097
2115875
1760241
1568918
3058980
2725176
7756015
8835633
4613354
2148194
3993355
1598170
7103892
4868322
4038653
602501
3183523
9395378
3980090
8826020
667042
5860267
160152
7788390
9072182
6775475
4025059
156692
8673572
1721642
9742211
8743262
1617994
9984116
5848275
895924
1982384
6320106
6880779
8778373
314007
666
3394066
6215142
1801177
6176281
1364774
2833934
8556786
8269517
1611292
6370898
3908348
9680857
31553
5214620
4746014
8802820
9635411
2140605
8097730
3305889
7756778
1328503
9667717
3224215
5060255
6469960
2625505
4547453
2911554
6797611
7639339
5406369
3318031
657904
4449734
9869086
9689035
3087016
8174445
3925165
6563327
9836876
9279134
8708600
5042579
8304602
8771559
9113651
3119870
5381745
785153
7981947
3613251
657518
2011413
4545483
5906961
1841130
2072220
2542865
3141779
466341
8431875
6405567
4885243
5453747
9166257
672620
5147196
679016
9490346
543687
7313447
7356201
2965569
4249443
7362632
7960978
6852547
3656346
7536635
1277264
8819247
1589452
8229109
5770895
9138227
525102
5159421
7280113
1234890
7378217
493836
8935123
3066586
9164617
8312251
6980840
3839727
1638031
2370886
1997117
309225
8539447
933718
2940838
989629
4662425
50999
3705071
1262089
1304654
5928080
9954751
2758932
9929173
2738139
8055219
6047210
3757590
4395342
3568262
78547
5657454
8918184
8879717
6787097
1017917
8700266
9017236
174215
2536347
683608
5056917
4692265
6490661
762440
1357370
3645700
7483900
8099134
9383235
8979085
6924477
2626430
3516981
4374179
1453823
5605092
560362
9045683
5988338
7808788
8483118
15375
2302956
8891966
736328
3562804
596831
4751135
8578387
2096358
2283694
5217963
8312592
1861309
7467550
8169662
4414749
8189973
2987407
2137508
2167667
767478
2851789
1264194
9719946
9549491
1537886
1483580
3399728
8792834
933670
4755460
7107035
8133185
9685069
460895
8766487
4898426
3956955
800431
6817066
51610
4286960
6797031
5281198
2312293
969079
575490
4358492
8081781
9659699
9299327
59239
3297042
6001781
3705692
8556097
8653877
406058
1584241
8746771
5438310
8544492
5440640
3749367
8940299
5862808
5502019
1937410
9011568
9615456
2144758
5967187
2140933
8016268
6865737
7322232
9727456
1723812
5807728
2247523
9349534
5573478
371615
690038
5870255
5714402
1068693
169308
7762665
7028801
5455001
2884966
5050006
2413358
5965852
7739380
5026913
5864563
8378536
3293634
4683042
1004478
9135260
7792520
6697490
7132976
865226
9186103
370821
45469
3157369
1331214
4435199
6755203
7680494
4026838
9019760
1626000
9460551
9553189
750611
3508643
6815863
5201007
6169357
3657705
2928040
5555417
5712390
2967772
7166144
2877575
8588541
4778116
9689310
761431
8464749
7365901
1948100
9374360
1961561
1958201
709160
3623347
3057001
5266811
1112411
5490442
7899552
817642
4336416
8344320
4947764
5084911
9247781
9180305
5131294
3002244
4021551
95187
6847611
4434791
3767694
8655714
67619
230177
1232975
4429677
51000
3583186
7912214
5885281
8863522
2424972
5316269
8850997
8055050
8913816
9123645
6969422
449294
5599463
7028331
5050550
8131134
12004
4737078
6899967
4165002
3714230
1067523
9260476
3901816
9044225
2884950
1030837
2622786
3916797
5779743
4099554
1769794
6949549
4026448
1082525
1310720
4533444
6934110
1713806
6850532
6880311
3189047
862343
2031709
32682
2476882
5649346
842825
5264990
2263258
4647528
2871958
2235870
31298
8045361
1017442
5978154
2277112
7145251
5886697
4204955
5091175
4284298
1198523
2597316
4045394
5129161
660867
8674056
1947583
824800
4093884
6075913
9653540
2020657
9433565
9272350
7802153
6882980
4986443
9019472
1783821
249634
7438753
8161508
748632
8786972
6189633
8537011
7423967
3529084
8096096
7752246
3547622
743490
3996397
1626939
5312886
837891
9481662
4302169
9410058
686847
7223578
9240400
8748153
1410889
7223393
676627
5738928
5874346
9089743
4496330
9937459
2504413
2460601
8433941
1090187
1988546
7219254
6953341
7005413
5112233
2396282
1971933
6378830
6821822
9749230
9369642
4637878
5405110
5543394
1994473
5609903
4007428
3285175
5045404
4230826
3631171
4326038
907616
1177178
1631554
4102439
7777390
2524226
9285711
2852404
8590723
4973691
2277840
6688753
9908664
2555443
9807647
5113455
8890516
7975687
5129304
2552412
1032480
6716241
8999630
4967246
187521
3086177
8738903
2339573
5402379
7110164
3432431
3172692
6755198
2277013
1630020
9096229
5270389
4250347
8132449
4610242
8932195
1507629
2778477
58662
3604639
8240433
622025
9035314
876016
2950260
8152795
